V1
E0
M: 68, 102.658, 107.731, 72.4779, 89.1551, 90, 90, 80.3348
V10
W100
----------
M: 67.93, 86.17, 91.4, 72.55, 87.91, 90, 90, 79.12
M: 67.91, 85.89, 91.8, 73.17, 88.34, 90, 90, 78.57
M: 67.92, 85.6, 92.2, 73.83, 88.71, 90, 90, 78.04
M: 67.95, 85.33, 92.6, 74.52, 89.05, 90, 90, 77.54
M: 68, 85.07, 93.01, 75.24, 89.33, 90, 90, 77.09
M: 68.06, 84.82, 93.42, 75.99, 89.57, 90, 90, 76.66
M: 68.14, 84.58, 93.84, 76.75, 89.76, 90, 90, 76.29
M: 68.24, 84.34, 94.25, 77.54, 89.89, 90, 90, 75.95
M: 68.34, 84.12, 94.67, 78.35, 89.97, 90, 90, 75.67
M: 68.46, 83.91, 95.09, 79.17, 90, 90, 90, 75.43
M: 68.58, 83.71, 95.51, 80, 90, 90, 90, 75.24
M: 68.71, 83.52, 95.94, 80.84, 90, 90, 90, 75.11
M: 68.86, 83.33, 96.36, 81.69, 90, 90, 90, 75.03
M: 69, 83.17, 96.78, 82.54, 90, 90, 90, 75
M: 69.16, 83.01, 97.21, 83.4, 90, 90, 90, 75
M: 69.33, 82.86, 97.63, 84.25, 90, 90, 90, 75.03
M: 69.51, 82.72, 98.06, 85.1, 90, 90, 90, 75.11
M: 69.7, 82.59, 98.48, 85.94, 90, 90, 90, 75.24
M: 69.9, 82.47, 98.9, 86.78, 90, 90, 90, 75.43
M: 70.12, 82.36, 99.32, 87.6, 90, 90.03, 90, 75.67
M: 70.34, 82.26, 99.74, 88.4, 90, 90.11, 90, 75.95
M: 70.57, 82.17, 100.16, 89.19, 90, 90.24, 90, 76.29
M: 70.81, 82.1, 100.57, 89.96, 90, 90.43, 90, 76.66
M: 71.07, 82.04, 100.98, 90.71, 90, 90.67, 90, 77.09
M: 71.33, 81.99, 101.39, 91.43, 90, 90.95, 90, 77.54
M: 71.6, 81.96, 101.79, 92.12, 90, 91.29, 90, 78.04
M: 71.88, 81.96, 102.19, 92.78, 90, 91.66, 90, 78.57
M: 72.17, 81.98, 102.59, 93.41, 90, 92.09, 90, 79.12
M: 72.47, 82.02, 102.98, 94.01, 90, 92.54, 90, 79.7
M: 72.77, 82.1, 103.37, 94.57, 90, 93.04, 90, 80.3
M: 73.09, 82.2, 103.75, 95.08, 90, 93.57, 90, 80.92
M: 73.41, 82.34, 104.13, 95.56, 90, 94.12, 90, 81.55
M: 73.74, 82.52, 104.5, 95.99, 90, 94.7, 90, 82.18
M: 74.08, 82.73, 104.86, 96.38, 90, 95.3, 90, 82.82
M: 74.42, 82.99, 105.22, 96.73, 90, 95.92, 90, 83.45
M: 74.77, 83.28, 105.57, 97.03, 90, 96.55, 90, 84.08
M: 75.13, 83.62, 105.92, 97.29, 90, 97.18, 90, 84.7
M: 75.5, 84, 106.25, 97.51, 90, 97.82, 90, 85.3
M: 75.87, 84.42, 106.58, 97.69, 90, 98.45, 90, 85.88
M: 76.24, 84.89, 106.91, 97.84, 90, 99.08, 90, 86.43
M: 76.63, 85.4, 107.22, 97.95, 90, 99.7, 90, 86.96
M: 77.01, 85.95, 107.53, 98.02, 90, 100.3, 90, 87.46
M: 77.4, 86.55, 107.83, 98.07, 90, 100.88, 90, 87.91
M: 77.8, 87.17, 108.11, 98.09, 90, 101.43, 90, 88.34
M: 78.2, 87.83, 108.4, 98.08, 90, 101.96, 90, 88.71
M: 78.6, 88.52, 108.67, 98.05, 90, 102.46, 90, 89.05
M: 79.01, 89.24, 108.93, 98, 90, 102.91, 90, 89.33
M: 79.42, 89.99, 109.18, 97.94, 90, 103.34, 90, 89.57
M: 79.84, 90.75, 109.42, 97.86, 90, 103.71, 90, 89.76
M: 80.25, 91.54, 109.66, 97.76, 90, 104.05, 90, 89.89
M: 80.67, 92.35, 109.88, 97.66, 90, 104.33, 90, 89.97
M: 81.09, 93.17, 110.09, 97.54, 90, 104.57, 90, 90
M: 81.51, 94, 110.29, 97.42, 90, 104.76, 90, 90
M: 81.94, 94.84, 110.48, 97.29, 90, 104.89, 90, 90
M: 82.36, 95.69, 110.67, 97.14, 90, 104.97, 90, 90
M: 82.78, 96.54, 110.83, 97, 90, 105, 90, 90
M: 83.21, 97.4, 110.99, 96.84, 90, 105, 90, 90
M: 83.63, 98.25, 111.14, 96.67, 90, 104.97, 90, 90
M: 84.06, 99.1, 111.28, 96.49, 90, 104.89, 90, 90
M: 84.48, 99.94, 111.41, 96.3, 90, 104.76, 90, 90
M: 84.9, 100.78, 111.53, 96.1, 90, 104.57, 90, 90
M: 85.32, 101.6, 111.64, 95.88, 90, 104.33, 90.03, 90
M: 85.74, 102.4, 111.74, 95.66, 90, 104.05, 90.11, 90
M: 86.16, 103.19, 111.83, 95.43, 90, 103.71, 90.24, 90
M: 86.57, 103.96, 111.9, 95.19, 90, 103.34, 90.43, 90
M: 86.98, 104.71, 111.96, 94.93, 90, 102.91, 90.67, 90
M: 87.39, 105.43, 112.01, 94.67, 90, 102.46, 90.95, 90
M: 87.79, 106.12, 112.04, 94.4, 90, 101.96, 91.29, 90
M: 88.19, 106.78, 112.04, 94.12, 90, 101.43, 91.66, 90
M: 88.59, 107.41, 112.02, 93.83, 90, 100.88, 92.09, 90
M: 88.98, 108.01, 111.98, 93.53, 90, 100.3, 92.54, 90
M: 89.37, 108.57, 111.9, 93.23, 90, 99.7, 93.04, 90
M: 89.75, 109.08, 111.8, 92.91, 90, 99.08, 93.57, 90
M: 90.13, 109.56, 111.66, 92.59, 90, 98.45, 94.12, 90
M: 90.5, 109.99, 111.48, 92.26, 90, 97.82, 94.7, 90
M: 90.86, 110.38, 111.27, 91.92, 90, 97.18, 95.3, 90
M: 91.22, 110.73, 111.01, 91.58, 90, 96.55, 95.92, 90
M: 91.57, 111.03, 110.72, 91.23, 90, 95.92, 96.55, 90
M: 91.92, 111.29, 110.38, 90.87, 90, 95.3, 97.18, 90
M: 92.25, 111.51, 110, 90.5, 90, 94.7, 97.82, 90
M: 92.58, 111.69, 109.58, 90.13, 90, 94.12, 98.45, 90
M: 92.91, 111.84, 109.11, 89.76, 90, 93.57, 99.08, 90
M: 93.22, 111.95, 108.6, 89.37, 90, 93.04, 99.7, 90
M: 93.53, 112.02, 108.05, 88.99, 90, 92.54, 100.3, 90
M: 93.83, 112.07, 107.45, 88.6, 90, 92.09, 100.88, 90
M: 94.11, 112.09, 106.83, 88.2, 90, 91.66, 101.43, 90
M: 94.4, 112.08, 106.17, 87.8, 90, 91.29, 101.96, 90
M: 94.67, 112.05, 105.48, 87.4, 90, 90.95, 102.46, 90
M: 94.93, 112, 104.76, 86.99, 90, 90.67, 102.91, 90
M: 95.18, 111.94, 104.01, 86.58, 90, 90.43, 103.34, 90
M: 95.42, 111.86, 103.25, 86.16, 90, 90.24, 103.71, 90
M: 95.66, 111.76, 102.46, 85.75, 90, 90.11, 104.05, 90
M: 95.88, 111.66, 101.65, 85.33, 90, 90.03, 104.33, 90
M: 96.09, 111.54, 100.83, 84.91, 90, 90, 104.57, 90
M: 96.29, 111.42, 100, 84.49, 90, 90, 104.76, 90
M: 96.48, 111.29, 99.16, 84.06, 90, 90, 104.89, 90
M: 96.67, 111.14, 98.31, 83.64, 90, 90, 104.97, 90
M: 96.83, 111, 97.46, 83.22, 90, 90, 105, 90
M: 96.99, 110.84, 96.6, 82.79, 90, 90, 105, 90
M: 97.14, 110.67, 95.75, 82.37, 90, 90, 104.97, 90
M: 97.28, 110.49, 94.9, 81.94, 90, 90, 104.89, 90
M: 97.41, 110.3, 94.06, 81.52, 90, 90, 104.76, 90
M: 97.53, 110.1, 93.22, 81.1, 90, 90, 104.57, 90
M: 97.64, 109.88, 92.4, 80.68, 89.97, 90, 104.33, 90
M: 97.74, 109.66, 91.6, 80.26, 89.89, 90, 104.05, 90
M: 97.83, 109.43, 90.81, 79.84, 89.76, 90, 103.71, 90
M: 97.9, 109.19, 90.04, 79.43, 89.57, 90, 103.34, 90
M: 97.96, 108.93, 89.29, 79.02, 89.33, 90, 102.91, 90
M: 98.01, 108.67, 88.57, 78.61, 89.05, 90, 102.46, 90
M: 98.04, 108.4, 87.88, 78.21, 88.71, 90, 101.96, 90
M: 98.04, 108.12, 87.22, 77.81, 88.34, 90, 101.43, 90
M: 98.02, 107.83, 86.59, 77.41, 87.91, 90, 100.88, 90
M: 97.98, 107.53, 85.99, 77.02, 87.46, 90, 100.3, 90
M: 97.9, 107.23, 85.43, 76.63, 86.96, 90, 99.7, 90
M: 97.8, 106.91, 84.92, 76.25, 86.43, 90, 99.08, 90
M: 97.66, 106.59, 84.44, 75.87, 85.88, 90, 98.45, 90
M: 97.48, 106.26, 84.01, 75.5, 85.3, 90, 97.82, 90
M: 97.27, 105.92, 83.62, 75.14, 84.7, 90, 97.18, 90
M: 97.01, 105.58, 83.27, 74.78, 84.08, 90, 96.55, 90
M: 96.72, 105.23, 82.97, 74.43, 83.45, 90, 95.92, 90
M: 96.38, 104.87, 82.71, 74.08, 82.82, 90, 95.3, 90
M: 96, 104.5, 82.49, 73.75, 82.18, 90, 94.7, 90
M: 95.58, 104.13, 82.31, 73.42, 81.55, 90, 94.12, 90
M: 95.11, 103.76, 82.16, 73.09, 80.92, 90, 93.57, 90
M: 94.6, 103.37, 82.05, 72.78, 80.3, 90, 93.04, 90
M: 94.05, 102.99, 81.98, 72.47, 79.7, 90, 92.54, 90
M: 93.45, 102.6, 81.93, 72.17, 79.12, 90, 92.09, 90
M: 92.83, 102.2, 81.91, 71.89, 78.57, 90, 91.66, 90
M: 92.17, 101.8, 81.92, 71.6, 78.04, 90, 91.29, 90
M: 91.48, 101.4, 81.95, 71.33, 77.54, 90, 90.95, 90
M: 90.76, 100.99, 82, 71.07, 77.09, 90, 90.67, 90
M: 90.01, 100.58, 82.06, 70.82, 76.66, 90, 90.43, 90
M: 89.25, 100.16, 82.14, 70.58, 76.29, 90, 90.24, 90
M: 88.46, 99.75, 82.24, 70.34, 75.95, 90, 90.11, 90
M: 87.65, 99.33, 82.34, 70.12, 75.67, 90, 90.03, 90
M: 86.83, 98.91, 82.46, 69.91, 75.43, 90, 90, 90
M: 86, 98.49, 82.58, 69.71, 75.24, 90, 90, 90
M: 85.16, 98.06, 82.71, 69.52, 75.11, 90, 90, 90
M: 84.31, 97.64, 82.86, 69.33, 75.03, 90, 90, 90
M: 83.46, 97.22, 83, 69.17, 75, 90, 90, 90
M: 82.6, 96.79, 83.16, 69.01, 75, 90, 90, 90
M: 81.75, 96.37, 83.33, 68.86, 75.03, 90, 90, 90
M: 80.9, 95.94, 83.51, 68.72, 75.11, 90, 90, 90
M: 80.06, 95.52, 83.7, 68.59, 75.24, 90, 90, 90
M: 79.22, 95.1, 83.9, 68.47, 75.43, 90, 90, 90
M: 78.4, 94.68, 84.12, 68.36, 75.67, 90, 90, 89.97
M: 77.6, 94.26, 84.34, 68.26, 75.95, 90, 90, 89.89
M: 76.81, 93.84, 84.57, 68.17, 76.29, 90, 90, 89.76
M: 76.04, 93.43, 84.81, 68.1, 76.66, 90, 90, 89.57
M: 75.29, 93.02, 85.07, 68.04, 77.09, 90, 90, 89.33
M: 74.57, 92.61, 85.33, 67.99, 77.54, 90, 90, 89.05
M: 73.88, 92.21, 85.6, 67.96, 78.04, 90, 90, 88.71
M: 73.22, 91.81, 85.88, 67.96, 78.57, 90, 90, 88.34
M: 72.59, 91.41, 86.17, 67.98, 79.12, 90, 90, 87.91
M: 71.99, 91.02, 86.47, 68.02, 79.7, 90, 90, 87.46
M: 71.43, 90.63, 86.77, 68.1, 80.3, 90, 90, 86.96
M: 70.92, 90.25, 87.09, 68.2, 80.92, 90, 90, 86.43
M: 70.44, 89.87, 87.41, 68.34, 81.55, 90, 90, 85.88
M: 70.01, 89.5, 87.74, 68.52, 82.18, 90, 90, 85.3
M: 69.62, 89.14, 88.08, 68.73, 82.82, 90, 90, 84.7
M: 69.27, 88.78, 88.42, 68.99, 83.45, 90, 90, 84.08
M: 68.97, 88.43, 88.77, 69.28, 84.08, 90, 90, 83.45
M: 68.71, 88.08, 89.13, 69.62, 84.7, 90, 90, 82.82
M: 68.49, 87.75, 89.5, 70, 85.3, 90, 90, 82.18
M: 68.31, 87.42, 89.87, 70.42, 85.88, 90, 90, 81.55
M: 68.16, 87.09, 90.24, 70.89, 86.43, 90, 90, 80.92
M: 68.05, 86.78, 90.63, 71.4, 86.96, 90, 90, 80.3
M: 67.98, 86.47, 91.01, 71.95, 87.46, 90, 90, 79.7