S0:  (70) ,   80  ,   90  ,  100
S1:	 110  ,  100  ,  (90) ,   80
S2:   80  ,  (90) ,  100  ,  110
S3:	 100  ,   90  ,   80  ,  (70)	-
-----------------------------
S0:   70  ,  (80) ,   90  ,  100
S1:	 110  ,  100  ,   90  ,  (80)
S2:   80  ,   90  , (100) ,  110
S3:	(100) ,   90  ,   80  ,   70	-
-----------------------------
S0:	  70  ,   80  ,  (90) ,  100
S1:	(110) ,  100  ,   90  ,   80
S2:   80  ,   90  ,  100  , (110)	+
S3:	 100  ,  (90) ,   80  ,   70 
-----------------------------
S0:	  70  ,   80  ,   90  , (100)	-
S1:	 110  , (100) ,   90  ,   80
S2:  (80) ,   90  ,  100  ,  110
S3:  100  ,   90  ,  (80) ,   70 